<number of tasks>
24
<number of stations>
3
<order strength>
0.000
<type of the robots>
1
<upper bound>
0
<robot flexibility>
0.40
<collaboration flexibility>
0.40
<number of robots>
1
<task times>
1 3 10000 10000
2 7 10000 10000
3 7 14 10000
4 5 10 10000
5 4 10000 10000
6 3 10000 10000
7 4 8 10000
8 3 10000 3
9 6 10000 10000
10 4 10000 3
11 4 8 3
12 3 6 10000
13 3 6 3
14 9 10000 10000
15 5 10000 4
16 9 10000 10000
17 2 4 2
18 7 10000 10000
19 9 10000 10000
20 9 10000 10000
21 8 16 6
22 8 10000 6
23 9 10000 10000
24 9 10000 10000
<task directions>
1 L
2 L
3 R
4 R
5 L
6 E
7 R
8 E
9 E
10 E
11 L
12 L
13 E
14 R
15 R
16 L
17 E
18 E
19 E
20 R
21 L
22 E
23 R
24 E
<precedence relations>
1,11
2,5
2,6
3,6
3,7
4,15
5,8
6,9
7,10
8,12
9,12
9,13
9,14
10,14
11,16
12,17
13,18
13,19
14,19
15,20
16,21
17,21
18,22
19,23
20,23
20,24
<end>